15
0 0 205 29 0 0 172 0 0 0 0 0 0 0 0 
0 0 0 169 0 67 0 0 132 35 0 0 179 0 0 
168 0 0 0 0 0 214 0 0 118 55 0 0 0 0 
0 0 0 0 0 0 0 0 0 0 0 31 0 0 0 
0 0 0 16 0 104 0 0 0 0 0 36 0 0 0 
0 0 0 0 201 0 0 225 0 0 196 0 1 0 0 
0 0 37 0 0 0 0 0 0 206 0 0 0 125 0 
155 0 0 0 0 120 0 0 0 0 0 224 0 0 0 
0 0 0 169 0 0 0 0 0 0 0 0 0 0 0 
0 0 0 0 0 0 0 0 0 0 0 0 0 0 0 
0 37 0 0 0 147 0 0 0 142 0 0 0 0 158 
0 0 0 74 17 0 0 147 0 0 0 0 0 0 0 
0 123 0 0 0 107 0 0 0 0 0 0 0 76 0 
0 0 0 0 0 1 135 0 0 0 0 0 152 0 109 
161 0 0 140 0 0 94 0 0 0 0 0 0 0 0 

15
0 0 0 0 0 0 36 0 0 0 0 0 0 0 0 
0 0 0 0 89 0 0 0 0 0 0 0 0 0 0 
209 0 0 0 0 0 0 0 125 0 0 0 0 0 0 
0 0 0 0 0 0 0 0 0 0 0 0 197 0 0 
0 0 0 0 0 0 0 0 0 0 0 0 0 0 136 
0 38 0 0 0 0 0 0 0 0 0 0 0 138 0 
0 0 0 131 0 158 0 0 0 0 0 0 0 0 0 
0 0 0 0 0 111 0 0 0 0 0 184 0 144 0 
33 56 4 0 0 0 0 0 0 0 0 0 0 0 0 
0 0 0 0 108 0 0 0 0 0 17 0 0 0 0 
50 0 0 0 0 0 0 0 0 0 0 0 99 0 0 
0 0 0 0 0 0 0 0 0 0 0 0 0 121 108 
0 0 199 0 104 0 0 0 0 0 0 0 0 0 0 
0 0 0 0 172 0 0 91 0 0 0 0 0 0 0 
0 0 0 0 108 0 0 0 0 148 0 137 0 0 0 

15
0 0 133 132 184 0 0 0 0 0 0 0 0 0 0 
0 0 0 0 0 60 0 0 0 0 0 0 210 0 47 
0 70 0 0 0 0 0 0 0 0 0 0 0 61 0 
49 0 0 0 0 0 0 0 154 191 0 0 0 0 0 
151 0 0 0 0 0 0 0 0 0 0 58 0 116 0 
0 0 0 0 0 0 0 0 0 0 0 0 0 81 0 
0 6 0 0 0 0 0 110 160 0 0 0 18 0 0 
0 0 109 0 0 0 19 0 161 0 0 0 217 0 0 
0 0 0 0 108 0 0 131 0 0 0 0 0 0 0 
0 0 0 178 0 0 0 0 0 0 0 0 0 62 183 
0 0 0 0 0 169 39 0 0 0 0 0 221 0 0 
0 0 0 156 98 0 0 136 0 0 19 0 0 31 0 
0 0 0 0 0 199 0 151 0 0 213 0 0 0 0 
0 0 0 0 9 0 0 0 0 48 37 98 0 0 0 
147 104 176 0 0 0 0 0 0 0 0 0 0 0 0 

15
0 0 0 0 0 66 0 1 0 0 0 0 182 0 0 
0 0 0 11 0 0 0 0 0 194 0 224 0 0 0 
0 0 0 0 0 0 0 187 0 0 0 0 0 44 0 
0 152 0 0 0 79 0 0 0 0 145 0 0 0 122 
0 0 61 0 0 0 157 54 0 79 0 0 0 0 0 
78 22 0 0 0 0 0 0 0 0 0 0 0 0 0 
0 41 0 0 99 0 0 0 0 0 0 0 32 0 0 
24 0 0 0 0 0 0 0 196 181 0 0 90 0 0 
0 0 120 0 0 0 0 0 0 0 5 0 0 203 0 
0 0 0 95 50 0 0 0 0 0 0 0 0 104 0 
0 0 104 0 0 0 0 0 0 0 0 181 0 0 0 
217 87 0 210 0 0 0 0 0 0 203 0 0 0 0 
208 0 0 0 0 0 0 185 0 0 0 0 0 0 43 
142 169 163 0 0 197 0 0 125 0 0 0 0 0 0 
0 0 0 0 2 0 0 0 0 0 0 0 209 0 0 

15
0 0 159 2 164 219 0 0 39 0 0 0 0 0 0 
143 0 82 0 0 0 0 0 0 0 0 0 0 146 166 
173 0 0 109 0 0 0 31 0 0 0 0 0 0 156 
0 0 0 0 223 0 0 0 0 162 0 0 0 0 0 
4 0 0 0 0 146 182 0 128 8 0 0 0 0 0 
0 0 0 0 0 0 0 122 97 0 0 0 94 0 0 
0 0 0 0 0 0 0 0 0 0 0 162 147 0 0 
0 0 96 0 0 0 0 0 0 99 213 66 0 0 0 
194 0 0 0 0 0 0 0 0 0 0 0 0 0 0 
0 209 0 0 77 0 0 0 0 0 48 0 0 0 0 
0 0 0 0 0 0 0 0 128 0 0 0 0 0 0 
0 7 0 0 0 0 73 0 0 0 0 0 0 0 0 
0 0 0 0 0 0 119 0 0 0 28 64 0 0 5 
0 88 0 0 0 0 0 0 0 0 110 179 0 0 0 
0 172 11 0 0 0 109 0 0 0 0 75 0 0 0 

15
0 0 34 0 0 0 0 185 0 0 0 0 0 21 0 
0 0 1 33 0 0 0 148 0 0 0 222 0 0 0 
195 0 0 0 0 0 0 0 0 0 0 0 99 0 0 
14 194 0 0 0 0 94 0 0 0 0 0 0 0 0 
187 0 0 0 0 0 0 0 0 207 0 0 0 186 0 
0 0 0 0 0 0 65 0 0 0 0 0 0 0 177 
0 0 0 24 191 0 0 0 0 0 0 205 36 151 0 
0 72 210 0 202 0 0 0 0 135 0 0 0 0 0 
0 0 0 0 0 220 0 4 0 168 0 201 0 0 0 
0 0 0 0 0 0 0 0 0 0 221 0 0 60 46 
0 204 0 120 0 79 0 0 103 99 0 0 0 0 0 
0 0 0 0 0 0 0 0 139 0 0 0 9 30 0 
0 0 0 0 145 0 0 0 0 0 0 0 0 0 0 
0 0 0 33 155 0 28 0 0 62 0 153 0 0 0 
0 0 0 0 0 77 0 0 0 0 0 0 0 0 0 

15
0 0 0 36 0 0 0 0 0 0 0 0 0 91 0 
0 0 0 0 0 0 0 223 0 0 0 0 0 47 0 
0 0 0 0 0 102 0 0 0 0 0 208 0 0 0 
40 0 0 0 53 117 0 113 0 0 0 0 0 0 41 
0 11 0 187 0 0 0 0 0 0 12 0 0 0 0 
0 0 178 0 0 0 54 0 0 0 0 0 199 0 0 
0 0 0 0 0 28 0 0 0 0 0 22 0 0 125 
0 0 0 0 0 0 0 0 0 155 0 221 0 0 0 
0 0 8 0 0 162 0 0 0 0 0 0 0 0 0 
0 0 0 0 0 0 0 0 5 0 0 0 0 0 0 
169 0 0 0 0 0 0 0 0 0 0 0 168 0 0 
0 0 100 0 26 0 0 0 0 130 0 0 0 0 0 
0 137 0 12 0 118 0 0 0 0 0 0 0 0 67 
82 0 0 0 0 0 0 0 0 0 152 0 177 0 0 
0 0 0 199 148 0 168 0 0 0 0 0 0 0 0 

15
0 0 0 0 0 0 0 0 15 0 0 0 0 0 0 
0 0 0 0 159 0 0 0 0 193 5 0 0 0 0 
0 0 0 0 0 0 0 0 0 0 15 39 0 0 0 
0 0 0 0 219 0 0 0 0 0 60 23 0 0 0 
0 114 0 0 0 51 0 0 0 0 0 209 0 0 0 
0 0 0 0 0 0 133 0 176 0 0 0 0 174 0 
0 0 0 0 0 0 0 0 0 0 0 0 123 57 0 
108 0 70 0 0 0 0 0 0 0 0 0 0 0 194 
0 0 0 0 0 0 0 0 0 0 0 0 0 0 0 
0 0 207 109 0 0 0 0 0 0 11 0 0 0 0 
0 0 0 0 0 0 0 0 0 174 0 0 0 0 97 
0 0 160 0 0 0 46 0 0 0 0 0 0 0 14 
0 0 0 191 0 0 195 0 212 0 0 0 0 85 0 
0 0 6 0 0 0 0 0 0 0 0 0 0 0 123 
0 0 0 0 0 0 0 0 0 0 23 202 0 0 0 

15
0 0 0 0 0 0 0 0 0 0 154 0 0 159 0 
0 0 0 0 17 0 197 7 0 0 0 0 0 116 182 
0 0 0 215 168 0 0 0 0 0 0 0 98 0 0 
0 125 51 0 0 0 194 225 0 224 0 0 0 0 0 
0 0 221 0 0 0 0 0 0 188 0 221 0 0 0 
0 0 95 0 0 0 0 0 0 37 205 0 0 0 0 
0 0 0 64 0 152 0 0 0 0 0 0 120 0 0 
0 146 0 0 90 0 0 0 0 0 0 0 46 0 0 
0 0 11 0 0 0 0 0 0 0 30 0 0 0 0 
67 0 0 46 185 0 0 0 202 0 200 0 0 0 0 
169 0 0 0 0 0 0 0 109 0 0 0 0 0 0 
0 0 0 0 49 0 214 34 0 0 0 0 0 61 0 
0 0 0 0 0 0 0 39 0 0 0 0 0 0 223 
126 0 0 0 0 0 0 0 0 0 37 31 0 0 0 
0 0 0 0 0 0 0 0 213 0 0 0 0 11 0 

15
0 0 0 0 184 35 72 0 0 0 0 0 0 171 0 
0 0 0 164 0 208 0 0 0 0 0 0 147 0 179 
0 0 0 139 0 68 0 0 82 103 0 0 0 0 0 
0 89 0 0 0 0 0 0 0 0 0 0 0 208 0 
0 0 0 0 0 0 170 0 0 29 0 0 104 66 0 
0 0 0 0 0 0 0 0 0 33 0 35 0 0 0 
134 199 107 0 220 0 0 215 0 0 0 0 0 0 0 
213 0 0 0 0 0 157 0 0 0 0 0 39 0 105 
0 0 59 0 0 9 0 0 0 0 50 75 112 0 0 
0 0 0 0 0 8 0 0 148 0 138 0 0 0 0 
0 0 0 188 0 0 0 0 0 55 0 122 0 0 188 
0 0 0 0 0 199 39 0 0 61 21 0 0 0 0 
0 0 0 0 0 0 0 217 0 0 0 0 0 0 0 
0 0 0 0 50 0 0 0 0 0 0 0 174 0 51 
0 125 0 0 88 0 0 0 0 0 109 0 0 0 0 

