25
0 0 0 0 502 0 0 0 0 0 0 0 248 333 0 0 0 0 0 13 0 0 0 0 562 
0 0 0 0 0 0 0 0 0 262 0 138 0 0 0 0 0 0 0 0 289 0 0 288 0 
0 0 0 0 0 0 0 0 0 503 0 0 0 0 0 0 0 0 0 602 241 0 0 582 0 
0 0 0 0 0 0 0 0 564 0 0 0 0 0 576 0 0 0 0 514 0 0 0 118 0 
393 0 0 0 0 0 0 468 0 0 0 452 546 0 0 0 346 0 0 0 0 0 0 0 0 
0 0 0 0 0 0 0 0 0 6 0 0 0 579 166 0 0 0 0 0 117 0 0 0 0 
0 0 5 0 0 0 0 0 0 0 554 0 400 579 0 0 0 0 0 0 0 0 0 0 0 
0 343 518 0 71 0 538 0 0 0 0 536 0 0 0 0 0 0 0 0 0 0 0 0 598 
0 0 0 118 0 226 0 0 0 0 0 0 0 0 0 385 0 0 0 0 0 0 314 0 0 
0 407 0 0 0 0 0 0 0 0 0 0 0 0 0 0 0 0 423 0 0 493 0 0 0 
0 0 0 0 0 204 399 153 0 87 0 133 0 487 9 466 0 0 0 0 0 0 0 0 0 
0 0 0 0 0 0 0 141 0 0 0 0 0 0 0 0 0 0 261 0 0 0 0 0 0 
58 0 0 589 0 0 0 0 0 0 0 0 0 0 135 281 0 0 0 190 0 0 0 0 0 
0 0 0 0 0 0 0 0 0 0 0 0 0 0 0 0 0 323 0 0 0 0 0 0 0 
0 0 0 398 0 0 0 0 0 0 0 0 0 0 0 0 0 0 595 361 0 492 0 0 0 
0 0 0 0 0 0 0 0 491 0 441 374 512 327 0 0 0 0 0 0 0 0 0 0 0 
105 0 0 0 0 0 0 0 155 0 0 0 0 20 0 0 0 455 0 0 0 0 0 0 0 
424 0 0 0 0 0 0 0 0 0 0 0 0 0 0 0 404 0 0 0 57 0 0 0 0 
0 0 0 0 0 0 0 239 0 0 0 535 0 0 583 0 0 0 0 0 0 0 0 0 0 
0 0 1 193 0 0 0 0 0 0 0 0 167 0 405 0 0 0 0 0 446 0 0 0 272 
0 359 293 0 0 0 0 0 0 0 0 0 617 0 0 0 0 122 0 64 0 0 0 0 0 
0 0 0 52 481 0 0 0 0 0 0 0 0 0 481 0 0 0 353 0 0 0 375 0 557 
0 0 0 23 468 457 0 0 0 0 0 0 0 0 0 0 0 433 238 0 0 0 0 0 0 
0 318 579 0 43 0 71 0 67 0 0 556 0 0 0 0 0 0 0 0 0 0 0 0 0 
0 223 0 0 0 0 0 0 0 0 0 0 0 0 0 0 448 0 0 0 0 235 0 0 0 