25
0 0 0 0 0 0 0 0 0 0 0 0 230 0 0 0 0 0 0 0 0 0 0 0 0 
0 0 0 0 0 0 0 0 0 0 0 0 0 0 0 0 0 0 0 0 0 0 616 362 0 
0 0 0 0 0 0 0 0 499 0 0 169 0 0 0 0 0 0 0 0 0 0 0 0 0 
0 0 0 0 0 0 0 0 0 0 0 0 0 0 0 0 473 0 0 0 364 0 560 0 0 
0 0 0 0 0 489 0 0 0 0 0 275 0 0 0 300 0 0 0 0 0 0 0 384 0 
0 0 0 0 489 0 0 0 0 0 413 0 0 312 0 0 37 0 0 0 0 0 0 0 0 
0 0 0 0 0 0 0 0 0 81 0 0 0 0 0 0 0 0 442 115 0 0 0 0 0 
0 0 0 0 0 0 0 0 0 0 0 0 0 0 0 0 0 0 0 6 165 473 0 0 0 
0 0 499 0 0 0 0 0 0 0 0 0 0 45 0 0 0 0 0 532 0 0 0 271 0 
0 0 0 0 0 0 81 0 0 0 0 0 0 0 211 0 0 0 0 0 0 0 0 0 107 
0 0 0 0 0 413 0 0 0 0 0 293 408 335 0 0 0 0 0 0 0 0 0 0 0 
0 0 169 0 275 0 0 0 0 0 293 0 0 0 0 0 0 408 0 0 0 0 0 0 0 
230 0 0 0 0 0 0 0 0 0 408 0 0 0 0 0 0 0 472 0 0 0 0 0 0 
0 0 0 0 0 312 0 0 45 0 335 0 0 0 309 0 0 0 0 0 0 0 0 0 0 
0 0 0 0 0 0 0 0 0 211 0 0 0 309 0 0 0 0 426 0 0 0 0 0 0 
0 0 0 0 300 0 0 0 0 0 0 0 0 0 0 0 0 0 0 0 0 0 362 0 0 
0 0 0 473 0 37 0 0 0 0 0 0 0 0 0 0 0 0 0 0 0 0 0 0 168 
0 0 0 0 0 0 0 0 0 0 0 408 0 0 0 0 0 0 0 0 494 0 617 0 148 
0 0 0 0 0 0 442 0 0 0 0 0 472 0 426 0 0 0 0 0 0 0 0 0 87 
0 0 0 0 0 0 115 6 532 0 0 0 0 0 0 0 0 0 0 0 299 0 0 0 0 
0 0 0 364 0 0 0 165 0 0 0 0 0 0 0 0 0 494 0 299 0 0 0 0 0 
0 0 0 0 0 0 0 473 0 0 0 0 0 0 0 0 0 0 0 0 0 0 0 0 0 
0 616 0 560 0 0 0 0 0 0 0 0 0 0 0 362 0 617 0 0 0 0 0 0 0 
0 362 0 0 384 0 0 0 271 0 0 0 0 0 0 0 0 0 0 0 0 0 0 0 0 
0 0 0 0 0 0 0 0 0 107 0 0 0 0 0 0 168 148 87 0 0 0 0 0 0 